"Service / Port","Evidence from scan","Likely issue","CVSS v3.1 base (estimated)","Severity"
"vsftpd 2.3.4 / 21","vsftpd 2.3.4 Metasploitable2-VM-ip-scan.jpg","Version is widely associated with a malicious backdoored release that can lead to unauthenticated remote command execution when the vulnerable build is present","9.8","Critical"
"Samba / 139, 445","Samba smbd 3.X - 4.X Metasploitable2-VM-ip-scan.jpg","Legacy Samba versions in lab targets are commonly exposed to remote code execution or auth bypass style weaknesses; exact CVE needs version confirmation","8.8","High"
"distccd / 3632","distccd v1 ((GNU) 4.2.4 ...) Metasploitable2-VM-ip-scan.jpg","distccd is frequently exploitable for unauthenticated command execution when exposed to untrusted networks","9.8","Critical"
"UnrealIRCd / 6667, 6697","UnrealIRCd Metasploitable2-VM-ip-scan.jpg","Backdoored UnrealIRCd builds are associated with remote command execution without valid credentials","9.8","Critical"
"bindshell / 1524","Metasploitable root shell Metasploitable2-VM-ip-scan.jpg","A shell service exposed directly indicates immediate remote compromise with highest impact","10.0","Critical"
"Telnet / 23","Linux telnetd Metasploitable2-VM-ip-scan.jpg","Cleartext remote administration allows credential interception and weak-auth exploitation","8.8","High"
"Tomcat / 8180","Apache Tomcat/Coyote JSP engine 1.1 Metasploitable2-VM-ip-scan.jpg","Older Tomcat services are often vulnerable to default credentials, weak manager access, or web app RCE depending on deployment","8.8","High"
"Java RMI / 1099","GNU Classpath grmiregistry Metasploitable2-VM-ip-scan.jpg","Exposed RMI can permit remote class loading or unsafe method abuse in insecure configurations","8.8","High"
"MySQL / 3306","MySQL 5.0.51a-3ubuntu5 Metasploitable2-VM-ip-scan.jpg","Legacy database version increases risk of weak/default credentials and known historical flaws","7.5","High"
"PostgreSQL / 5432","PostgreSQL DB 8.3.0 - 8.3.7 Metasploitable2-VM-ip-scan.jpg","Very old database release with elevated exposure to historical vulnerabilities and weak configuration baselines","7.5","High"